% # columns="iteration, evaluation, min max(neg(.)) min(pos(.)) max correlation, correlation matrix principal axes lengths  (sorted square roots of eigenvalues of correlation matrix)", seed=358678, Fri Jul  8 17:12:54 2022
1 6 0.3933270787364982 0.3933270787364982 0.3933270787364982 0.3933270787364982 0.778892111440026 1.1803927646069754
2 12 0.27436193523448665 0.27436193523448665 0.27436193523448665 0.27436193523448665 0.778892111440026 1.1803927646069754
3 18 0.5343742934201166 0.5343742934201166 0.5343742934201166 0.5343742934201166 0.682367720939292 1.2386986289732125
4 24 0.6932599293186799 0.6932599293186799 0.6932599293186799 0.6932599293186799 0.682367720939292 1.2386986289732125
5 30 0.6147653613360364 0.6147653613360364 0.6147653613360364 0.6147653613360364 0.6206727307236589 1.2707341820129168
6 36 0.6836345909712224 0.6836345909712224 0.6836345909712224 0.6836345909712224 0.6206727307236589 1.2707341820129168
7 42 0.8310906942425318 0.8310906942425318 0.8310906942425318 0.8310906942425318 0.4109857731813455 1.3531779979893745
8 48 0.8736015488250002 0.8736015488250002 0.8736015488250002 0.8736015488250002 0.4109857731813455 1.3531779979893745
9 54 0.9074882124234974 0.9074882124234974 0.9074882124234974 0.9074882124234974 0.30415750455397733 1.3811184642975045
10 60 0.9104889062010435 0.9104889062010435 0.9104889062010435 0.9104889062010435 0.30415750455397733 1.3811184642975045
11 66 0.9377488702902302 0.9377488702902302 0.9377488702902302 0.9377488702902302 0.24950176293920212 1.3920304846842364
12 72 0.9553170706936607 0.9553170706936607 0.9553170706936607 0.9553170706936607 0.24950176293920212 1.3920304846842364
13 78 0.9515954521737506 0.9515954521737506 0.9515954521737506 0.9515954521737506 0.22001033572595952 1.3969951510917102
14 84 0.9502041144614649 0.9502041144614649 0.9502041144614649 0.9502041144614649 0.22001033572595952 1.3969951510917102
15 90 0.9389715588436999 0.9389715588436999 0.9389715588436999 0.9389715588436999 0.24703935143272207 1.3924695899170294
16 96 0.9131494977805297 0.9131494977805297 0.9131494977805297 0.9131494977805297 0.24703935143272207 1.3924695899170294
17 102 0.8872121029059932 0.8872121029059932 0.8872121029059932 0.8872121029059932 0.3358390940525041 1.3737583859274503
18 108 0.8872116920590465 0.8872116920590465 0.8872116920590465 0.8872116920590465 0.3358390940525041 1.3737583859274503
19 114 0.8345434906241036 0.8345434906241036 0.8345434906241036 0.8345434906241036 0.40676345629357674 1.354453207247893
20 120 0.8598170089351571 0.8598170089351571 0.8598170089351571 0.8598170089351571 0.40676345629357674 1.354453207247893
21 126 0.8512609659318886 0.8512609659318886 0.8512609659318886 0.8512609659318886 0.3856669989357547 1.3606105122083574
22 132 0.8082994543124948 0.8082994543124948 0.8082994543124948 0.8082994543124948 0.3856669989357547 1.3606105122083574
23 138 0.6740759645945642 0.6740759645945642 0.6740759645945642 0.6740759645945642 0.5708975699768181 1.2938608752855016
24 144 0.592840727443629 0.592840727443629 0.592840727443629 0.592840727443629 0.5708975699768181 1.2938608752855016
25 150 0.5522739179690785 0.5522739179690785 0.5522739179690785 0.5522739179690785 0.6691233683192672 1.24590285254071
26 156 0.6326640823317801 0.6326640823317801 0.6326640823317801 0.6326640823317801 0.6691233683192672 1.24590285254071
27 162 0.6328647148299043 0.6328647148299043 0.6328647148299043 0.6328647148299043 0.6059168962573133 1.2778359498894623
28 168 0.5114764694627465 0.5114764694627465 0.5114764694627465 0.5114764694627465 0.6059168962573133 1.2778359498894623
29 174 0.5056825879702597 0.5056825879702597 0.5056825879702597 0.5056825879702597 0.703077102478626 1.2270625851888157
30 180 0.21958182692898234 0.21958182692898234 0.21958182692898234 0.21958182692898234 0.703077102478626 1.2270625851888157
31 186 0.1033964494315794 0.1033964494315794 0.1033964494315794 0.1033964494315794 0.9468915199580259 1.0504267939421477
32 192 0.16704209876961817 0.16704209876961817 0.16704209876961817 0.16704209876961817 0.9468915199580259 1.0504267939421477
33 198 0.05011965813329634 0.05011965813329634 0.05011965813329634 0.05011965813329634 0.9746180492206696 1.024753462123108
34 204 -0.018693059228401733 -0.018693059228401733 -0.018693059228401733 -0.018693059228401733 0.9746180492206696 1.024753462123108
35 210 0.1711183321966115 0.1711183321966115 0.1711183321966115 0.1711183321966115 0.9104293865003418 1.0821822084088295
36 216 0.056177106826074574 0.056177106826074574 0.056177106826074574 0.056177106826074574 0.9104293865003418 1.0821822084088295
37 222 0.0379814776843529 0.0379814776843529 0.0379814776843529 0.0379814776843529 0.9808254290727004 1.0188137600584088
38 228 0.2388199790233918 0.2388199790233918 0.2388199790233918 0.2388199790233918 0.9808254290727004 1.0188137600584088
39 234 0.4303649554455448 0.4303649554455448 0.4303649554455448 0.4303649554455448 0.7547417071783266 1.1959786601129405
40 240 0.42001722770055205 0.42001722770055205 0.42001722770055205 0.42001722770055205 0.7547417071783266 1.1959786601129405
41 246 0.33016784582511605 0.33016784582511605 0.33016784582511605 0.33016784582511605 0.818432742609241 1.1533290275654715
42 252 0.2347549586564981 0.2347549586564981 0.2347549586564981 0.2347549586564981 0.818432742609241 1.1533290275654715
43 258 0.3837543067785305 0.3837543067785305 0.3837543067785305 0.3837543067785305 0.7850131802851908 1.1763308662015677
44 264 0.30227530787409396 0.30227530787409396 0.30227530787409396 0.30227530787409396 0.7850131802851908 1.1763308662015677
45 270 0.20489603910243165 0.20489603910243165 0.20489603910243165 0.20489603910243165 0.891686021477049 1.0976775660923528
46 276 0.3470942060203836 0.3470942060203836 0.3470942060203836 0.3470942060203836 0.891686021477049 1.0976775660923528
47 282 0.2780173034827662 0.2780173034827662 0.2780173034827662 0.2780173034827662 0.8496956493458312 1.1304942739716846
48 288 -0.15398813981913675 -0.15398813981913675 -0.15398813981913675 -0.15398813981913675 0.8496956493458312 1.1304942739716846
49 294 -0.16620217923280048 -0.16620217923280048 -0.16620217923280048 -0.16620217923280048 0.913125303979251 1.0799084124280172
50 300 -0.2540098535753103 -0.2540098535753103 -0.2540098535753103 -0.2540098535753103 0.913125303979251 1.0799084124280172
51 306 -0.18882721589261137 -0.18882721589261137 -0.18882721589261137 -0.18882721589261137 0.9006513110562759 1.090333534241982
52 312 -0.06183461972646843 -0.06183461972646843 -0.06183461972646843 -0.06183461972646843 0.9006513110562759 1.090333534241982
53 318 -0.05932194939152844 -0.05932194939152844 -0.05932194939152844 -0.05932194939152844 0.9698855863494784 1.0292336709375225
54 324 -0.07752371795914174 -0.07752371795914174 -0.07752371795914174 -0.07752371795914174 0.9698855863494784 1.0292336709375225
55 330 -0.013717957069820295 -0.013717957069820295 -0.013717957069820295 -0.013717957069820295 0.9931173359327585 1.0068356157138167
56 336 0.21042014558209024 0.21042014558209024 0.21042014558209024 0.21042014558209024 0.9931173359327585 1.0068356157138167
57 342 0.07919873006728717 0.07919873006728717 0.07919873006728717 0.07919873006728717 0.9595839045819353 1.0388449018343822
58 348 -0.10896516807936436 -0.10896516807936436 -0.10896516807936436 -0.10896516807936436 0.9595839045819353 1.0388449018343822
59 354 -0.0726975713118892 -0.0726975713118892 -0.0726975713118892 -0.0726975713118892 0.9629654348355972 1.0357111427960448
60 360 -0.040844171254326885 -0.040844171254326885 -0.040844171254326885 -0.040844171254326885 0.9629654348355972 1.0357111427960448
61 366 -0.1251756498167322 -0.1251756498167322 -0.1251756498167322 -0.1251756498167322 0.9353204532048188 1.0607429706657179
62 372 0.0663593017300989 0.0663593017300989 0.0663593017300989 0.0663593017300989 0.9353204532048188 1.0607429706657179
63 378 -0.1367355040321735 -0.1367355040321735 -0.1367355040321735 -0.1367355040321735 0.9291202806783557 1.0661779889081249
64 384 0.12287088920063047 0.12287088920063047 0.12287088920063047 0.12287088920063047 0.9291202806783557 1.0661779889081249
65 390 0.06483007908847649 0.06483007908847649 0.06483007908847649 0.06483007908847649 0.9670418403107093 1.0319060417927963
66 396 0.10963454494234674 0.10963454494234674 0.10963454494234674 0.10963454494234674 0.9670418403107093 1.0319060417927963
67 402 -0.11287179762878388 -0.11287179762878388 -0.11287179762878388 -0.11287179762878388 0.9418748337073328 1.0549273897424334
68 408 -0.128202990625598 -0.128202990625598 -0.128202990625598 -0.128202990625598 0.9418748337073328 1.0549273897424334
69 414 -0.16533881753016308 -0.16533881753016308 -0.16533881753016308 -0.16533881753016308 0.9135979326103125 1.0795086000260319
70 420 -0.12282778166345912 -0.12282778166345912 -0.12282778166345912 -0.12282778166345912 0.9135979326103125 1.0795086000260319
71 426 -0.17526630173754945 -0.17526630173754945 -0.17526630173754945 -0.17526630173754945 0.9081485001157302 1.0840969983066782
72 432 -0.26566728349293556 -0.26566728349293556 -0.26566728349293556 -0.26566728349293556 0.9081485001157302 1.0840969983066782
73 438 -0.002999981621402687 -0.002999981621402687 -0.002999981621402687 -0.002999981621402687 0.9984988825124429 1.0014988675087968
74 444 -0.08275594310117561 -0.08275594310117561 -0.08275594310117561 -0.08275594310117561 0.9984988825124429 1.0014988675087968
75 450 -0.14025445218997767 -0.14025445218997767 -0.14025445218997767 -0.14025445218997767 0.9272246479737382 1.067826976710168
76 456 -0.1155207326085302 -0.1155207326085302 -0.1155207326085302 -0.1155207326085302 0.9272246479737382 1.067826976710168
77 462 -0.209328414740352 -0.209328414740352 -0.209328414740352 -0.209328414740352 0.8891971576988132 1.099694691603243
78 468 -0.033742628202193516 -0.033742628202193516 -0.033742628202193516 -0.033742628202193516 0.8891971576988132 1.099694691603243
79 474 0.0010005754404753325 0.0010005754404753325 0.0010005754404753325 0.0010005754404753325 0.9994995870732136 1.000500162638905
80 480 0.1364021661041232 0.1364021661041232 0.1364021661041232 0.1364021661041232 0.9994995870732136 1.000500162638905
81 486 0.09092238935873108 0.09092238935873108 0.09092238935873108 0.09092238935873108 0.9534556154542638 1.044472301862874
82 492 -0.15677446557662184 -0.15677446557662184 -0.15677446557662184 -0.15677446557662184 0.9534556154542638 1.044472301862874
83 498 -0.1890060430621694 -0.1890060430621694 -0.1890060430621694 -0.1890060430621694 0.900552029001007 1.090415536876731
84 504 -0.020413994024960427 -0.020413994024960427 -0.020413994024960427 -0.020413994024960427 0.900552029001007 1.090415536876731
85 510 -0.023202933162883264 -0.023202933162883264 -0.023202933162883264 -0.023202933162883264 0.9883304441517101 1.0115349391706068
86 516 -0.12003746983427921 -0.12003746983427921 -0.12003746983427921 -0.12003746983427921 0.9883304441517101 1.0115349391706068
87 522 -0.21438699854232912 -0.21438699854232912 -0.21438699854232912 -0.21438699854232912 0.8863481265607046 1.1019922860629874
88 528 -0.31340709238500136 -0.31340709238500136 -0.31340709238500136 -0.31340709238500136 0.8863481265607046 1.1019922860629874
89 534 -0.1320250554002133 -0.1320250554002133 -0.1320250554002133 -0.1320250554002133 0.9316517292420954 1.0639666608499598
90 540 -0.07424926530368572 -0.07424926530368572 -0.07424926530368572 -0.07424926530368572 0.9316517292420954 1.0639666608499598
91 546 -0.006996732281581116 -0.006996732281581116 -0.006996732281581116 -0.006996732281581116 0.9964954930748152 1.0034922681722969
92 552 0.008108308363290906 0.008108308363290906 0.008108308363290906 0.008108308363290906 0.9964954930748152 1.0034922681722969
93 558 0.18984652039136635 0.18984652039136635 0.18984652039136635 0.18984652039136635 0.9000852624105306 1.0908008619318956
94 564 0.22570900742399802 0.22570900742399802 0.22570900742399802 0.22570900742399802 0.9000852624105306 1.0908008619318956
95 570 0.11215820985632294 0.11215820985632294 0.11215820985632294 0.11215820985632294 0.9422535699819222 1.0545891189730354
96 576 0.060287988931974255 0.060287988931974255 0.060287988931974255 0.060287988931974255 0.9422535699819222 1.0545891189730354
97 582 0.126019367388327 0.126019367388327 0.126019367388327 0.126019367388327 0.934869313119044 1.0611405973707382
98 588 0.12712014734646987 0.12712014734646987 0.12712014734646987 0.12712014734646987 0.934869313119044 1.0611405973707382
99 594 0.14492216660112356 0.14492216660112356 0.14492216660112356 0.14492216660112356 0.9247041869694742 1.0700103581746878
100 600 0.11817816668379452 0.11817816668379452 0.11817816668379452 0.11817816668379452 0.9247041869694742 1.0700103581746878
101 606 0.04658022000121051 0.04658022000121051 0.04658022000121051 0.04658022000121051 0.9764321686624166 1.023025033907387
102 612 0.24118802889758054 0.24118802889758054 0.24118802889758054 0.24118802889758054 0.9764321686624166 1.023025033907387
103 618 0.23888865151495084 0.23888865151495084 0.23888865151495084 0.23888865151495084 0.8724169579306957 1.1130537505057656
104 624 -0.03334450839128734 -0.03334450839128734 -0.03334450839128734 -0.03334450839128734 0.8724169579306957 1.1130537505057656
105 630 -0.02303281231576263 -0.02303281231576263 -0.02303281231576263 -0.02303281231576263 0.9884165051658321 1.0114508452296447
105 630 -0.02303281231576263 -0.02303281231576263 -0.02303281231576263 -0.02303281231576263 0.9884165051658321 1.0114508452296447
